(825.102) RX0 5A3 [8] 0F 00 00 00 00 00 00 00
(825.103) RX0 5D8 [8] 81 12 17 00 FA 00 FF 0C
(825.104) RX0 7EC [8] 23 AD AD AC AD AD AD AD
(825.106) RX0 7EC [8] 24 AD AD AD AD AC AD AD
(825.116) RX0 7EC [8] 25 AD AD AD AD 00 00 00
(825.190) RX0 594 [8] 24 13 24 13 A2 14 00 20
(825.191) RX0 542 [8] 12 82 05 00 00 00 FF FF
(825.192) RX0 491 [8] 1E 00 00 00 00 00 00 00
(825.193) RX0 493 [8] 00 0B FC 11 00 00 82 05
(825.194) RX0 4E2 [8] E4 02 52 03 00 00 00 00
(825.195) RX0 595 [8] 17 00 AA AD 00 00 FF 0C
(825.196) RX0 596 [8] 2D 77 00 00 1E 00 16 17
(825.197) RX0 597 [8] 01 FA 00 00 00 00 00 00
(825.198) RX0 598 [8] 00 00 00 00 21 07 17 16
(825.199) RX0 599 [8] 08 00 00 00 00 00 00 00
(825.200) RX0 59C [8] 00 00 00 00 00 00 00 00
(825.201) RX0 59E [8] 00 00 00 00 FF 0C 00 00
(825.202) RX0 5A3 [8] 0F 00 00 00 00 00 00 00
(825.203) RX0 5D8 [8] 81 12 17 00 FA 00 FF 0C
(825.238) RX0 7E4 [8] 02 21 04 00 00 00 00 00
(825.246) RX0 7EC [8] 10 26 61 04 FF FF FF FF
(825.247) RX0 7E4 [8] 30 00 00 00 00 00 00 00
(825.256) RX0 7EC [8] 21 AD AD AD AD AD AD AD
(825.266) RX0 7EC [8] 22 AD AD AD AD AD AD AD
(825.276) RX0 7EC [8] 23 AA AD AD AD AD AD AC
(825.286) RX0 7EC [8] 24 AD AC AC AD AC AD AD
(825.290) RX0 594 [8] 24 13 24 13 A2 14 00 20
(825.291) RX0 542 [8] 12 82 05 00 00 00 FF FF
(825.292) RX0 491 [8] 1E 00 00 00 00 00 00 00
(825.293) RX0 493 [8] 00 0B FC 11 00 00 82 05
(825.294) RX0 4E2 [8] E4 02 52 03 00 00 00 00
(825.295) RX0 595 [8] 17 00 AA AD 00 00 FF 0C
(825.296) RX0 596 [8] 3B 77 00 00 1E 00 16 17
(825.297) RX0 597 [8] 81 FA 00 00 00 00 00 00
(825.298) RX0 598 [8] 00 00 00 00 21 07 17 16
(825.299) RX0 599 [8] 08 00 00 00 00 00 00 00
(825.300) RX0 59C [8] 00 00 00 00 00 00 00 00
(825.301) RX0 59E [8] 00 00 00 00 FF 0C 00 00
(825.302) RX0 5A3 [8] 0F 00 00 00 00 00 00 00
(825.303) RX0 5D8 [8] 81 12 17 00 FA 00 FF 0C
(825.304) RX0 7EC [8] 25 AD AD AD AD 00 00 00
(825.390) RX0 594 [8] 24 13 24 13 A2 14 00 20
(825.391) RX0 542 [8] 12 82 05 00 00 00 FF FF
(825.392) RX0 491 [8] 1E 00 00 00 00 00 00 00
(825.393) RX0 493 [8] 00 0B FC 11 00 00 82 05
(825.394) RX0 4E2 [8] E4 02 52 03 00 00 00 00
(825.395) RX0 595 [8] 17 00 AA AD 00 00 FF 0C
(825.396) RX0 596 [8] 21 77 00 00 1E 00 16 17
(825.397) RX0 597 [8] 01 FA 00 00 00 00 00 00
(825.398) RX0 598 [8] 00 00 00 00 21 07 17 16
(825.399) RX0 599 [8] 08 00 00 00 00 00 00 00
(825.400) RX0 59C [8] 00 00 00 00 00 00 00 00
(825.401) RX0 59E [8] 00 00 00 00 FF 0C 00 00
(825.402) RX0 5A3 [8] 0F 00 00 00 00 00 00 00
(825.403) RX0 5D7 [8] 02 80 00 00 00 00 00 00
(825.418) RX0 7E4 [8] 02 21 02 00 00 00 00 00
(825.427) RX0 7EC [8] 10 26 61 02 FF FF FF FF
(825.428) RX0 7E4 [8] 30 00 00 00 00 00 00 00
(825.437) RX0 7EC [8] 21 AD AD AD AD AD AD AC
(825.447) RX0 7EC [8] 22 AD AC AC AD AD AD AD
(825.457) RX0 7EC [8] 23 AD AD AD AD AB AD AD
(825.467) RX0 7EC [8] 24 AD AD AD AD AD AD AB
(825.477) RX0 7EC [8] 25 AD AD AD AD 00 00 00
(825.490) RX0 594 [8] 24 13 24 13 A2 14 00 20
(825.491) RX0 542 [8] 12 82 05 00 00 00 FF FF
(825.492) RX0 491 [8] 1E 00 00 00 00 00 00 00
(825.493) RX0 493 [8] 00 0B FC 11 00 00 82 05
(825.494) RX0 4E2 [8] E4 02 52 03 00 00 00 00
(825.495) RX0 595 [8] 17 00 AA AD 00 00 FF 0C
(825.496) RX0 596 [8] 22 77 00 00 1E 00 16 17
(825.497) RX0 597 [8] 81 FA 00 00 00 00 00 00
(825.498) RX0 598 [8] 00 00 00 00 21 07 17 16
(825.499) RX0 599 [8] 08 00 00 00 00 00 00 00
(825.500) RX0 59C [8] 00 00 00 00 00 00 00 00
(825.501) RX0 59E [8] 00 00 00 00 FF 0C 00 00
(825.502) RX0 5A3 [8] 0F 00 00 00 00 00 00 00
(825.503) RX0 5D7 [8] 02 80 00 00 00 00 00 00
(825.590) RX0 594 [8] 24 13 24 13 A2 14 00 20
(825.591) RX0 542 [8] 12 82 05 00 00 00 FF FF
(825.592) RX0 491 [8] 1E 00 00 00 00 00 00 00
(825.593) RX0 493 [8] 00 0B FC 11 00 00 82 05
(825.594) RX0 4E2 [8] E4 02 52 03 00 00 00 00
(825.595) RX0 595 [8] 17 00 AA AD 00 00 FF 0C
(825.596) RX0 596 [8] 25 77 00 00 1E 00 16 17
(825.597) RX0 597 [8] 01 FA 00 00 00 00 00 00
(825.598) RX0 598 [8] 00 00 00 00 21 07 17 16
(825.599) RX0 599 [8] 08 00 00 00 00 00 00 00
(825.600) RX0 59C [8] 00 00 00 00 00 00 00 00
(825.601) RX0 59E [8] 00 00 00 00 FF 0C 00 00
(825.602) RX0 5A3 [8] 0F 00 00 00 00 00 00 00
(825.603) RX0 5D6 [8] AA AD 00 00 16 17 22 31
(825.690) RX0 594 [8] 24 13 24 13 A2 14 00 20
(825.691) RX0 542 [8] 12 82 05 00 00 00 FF FF
(825.692) RX0 491 [8] 1E 00 00 00 00 00 00 00
(825.693) RX0 493 [8] 00 0B FC 11 00 00 82 05
(825.694) RX0 4E2 [8] E4 02 52 03 00 00 00 00
(825.695) RX0 595 [8] 17 00 AA AD 00 00 FF 0C
(825.696) RX0 596 [8] 2D 77 00 00 1E 00 16 17
(825.697) RX0 597 [8] 81 FA 00 00 00 00 00 00
(825.698) RX0 598 [8] 00 00 00 00 21 07 17 16
(825.699) RX0 599 [8] 08 00 00 00 00 00 00 00
(825.700) RX0 59C [8] 00 00 00 00 00 00 00 00
(825.701) RX0 59E [8] 00 00 00 00 FF 0C 00 00
(825.702) RX0 5A3 [8] 0F 00 00 00 00 00 00 00
(825.703) RX0 5D6 [8] AA AD 00 00 16 17 22 31
(825.777) RX0 7E4 [8] 02 21 03 00 00 00 00 00
(825.787) RX0 7EC [8] 10 26 61 03 FF FF FF FF
(825.788) RX0 7E4 [8] 30 00 00 00 00 00 00 00
(825.790) RX0 594 [8] 24 13 24 13 A2 14 00 20
(825.791) RX0 542 [8] 12 82 05 00 00 00 FF FF
(825.792) RX0 491 [8] 1E 00 00 00 00 00 00 00
(825.793) RX0 493 [8] 00 0B FC 11 00 00 82 05
(825.794) RX0 4E2 [8] E4 02 52 03 00 00 00 00
(825.795) RX0 595 [8] 17 00 AA AD 00 00 FF 0C
(825.796) RX0 596 [8] 3B 77 00 00 1E 00 16 17
(825.797) RX0 597 [8] 01 FA 00 00 00 00 00 00
(825.798) RX0 598 [8] 00 00 00 00 21 07 17 16
(825.799) RX0 599 [8] 08 00 00 00 00 00 00 00
(825.800) RX0 59C [8] 00 00 00 00 00 00 00 00
(825.801) RX0 59E [8] 00 00 00 00 FF 0C 00 00
(825.802) RX0 5A3 [8] 0F 00 00 00 00 00 00 00
(825.803) RX0 5D5 [8] 00 00 00 00 00 00 00 00
(825.804) RX0 7EC [8] 21 AD AD AD AD AD AD AD
(825.807) RX0 7EC [8] 22 AD AD AD AD AD AD AD
(825.817) RX0 7EC [8] 23 AD AD AC AD AD AD AD
(825.827) RX0 7EC [8] 24 AD AD AD AD AC AD AD
(825.837) RX0 7EC [8] 25 AD AD AD AD 00 00 00
(825.883) RX0 7E4 [8] 02 21 04 00 00 00 00 00
(825.890) RX0 594 [8] 24 13 24 13 A2 14 00 20
(825.891) RX0 542 [8] 12 82 05 00 00 00 FF FF
(825.892) RX0 491 [8] 1E 00 00 00 00 00 00 00
(825.893) RX0 493 [8] 00 0B FC 11 00 00 82 05
(825.894) RX0 4E2 [8] E4 02 52 03 00 00 00 00
(825.895) RX0 595 [8] 17 00 AA AD 00 00 FF 0C
(825.896) RX0 596 [8] 21 77 00 00 1E 00 16 17
(825.897) RX0 597 [8] 81 FA 00 00 00 00 00 00
(825.898) RX0 598 [8] 00 00 00 00 21 07 17 17
(825.899) RX0 599 [8] 08 00 00 00 00 00 00 00
(825.900) RX0 59C [8] 00 00 00 00 00 00 00 00
(825.901) RX0 59E [8] 00 00 00 00 FF 0C 00 00
(825.902) RX0 5A3 [8] 0F 00 00 00 00 00 00 00
(825.903) RX0 5D5 [8] 00 00 00 00 00 00 00 00
(825.904) RX0 7EC [8] 10 26 61 04 FF FF FF FF
(825.905) RX0 7EC [8] 21 AD AD AD AD AD AD AD
(825.912) RX0 7EC [8] 22 AD AD AD AD AD AD AD
(825.922) RX0 7EC [8] 23 AA AD AD AD AD AD AC
(825.932) RX0 7EC [8] 24 AD AC AC AD AC AD AD
(825.942) RX0 7EC [8] 25 AD AD AD AD 00 00 00
